isotope	mass	relavative_mass	probability
H	1	    1.007 825 032 23	  0.999 885
H	2	    2.014 101 778 12	  0.000 115
He	3	    3.016 029 3201	  0.000 001 34
He	4	    4.002 603 254 13	  0.999 998 66
Li	6	    6.015 122 8874	  0.0759
Li	7	    7.016 003 4366	  0.9241
Be	9	    9.012 183 065	  1
B	10	  10.012 936 95	  0.199
B	11	  11.009 305 36	  0.801
C	12	  12.0000000	  0.9893
C	13	  13.003 354 835 07	  0.0107
N	14	  14.003 074 004 43	  0.996 36
N	15	  15.000 108 898 88	  0.003 64
O	16	  15.994 914 619 57	  0.997 57
O	17	  16.999 131 756 50	  0.000 38
O	18	  17.999 159 612 86	  0.002 05
F	19	  18.998 403 162 73	  1
Ne	20	  19.992 440 1762	  0.9048
Ne	21	  20.993 846 685	  0.0027
Ne	22	  21.991 385 114	  0.0925
Na	23	  22.989 769 2820	  1
Mg	24	  23.985 041 697	  0.7899
Mg	25	  24.985 836 976	  0.1000
Mg	26	  25.982 592 968	  0.1101
Al	27	  26.981 538 53	  1
Si	28	  27.976 926 534 65	  0.922 23
Si	29	  28.976 494 664 90	  0.046 85
Si	30	  29.973 770 136	  0.030 92
P	31	  30.973 761 998 42	  1
S	32	  31.972 071 1744	  0.9499
S	33	  32.971 458 9098	  0.0075
S	34	  33.967 867 004	  0.0425
S	36	  35.967 080 71	  0.0001
Cl	35	  34.968 852 682	  0.7576
Cl	37	  36.965 902 602	  0.2424
Ar	36	  35.967 545 105	  0.003 336
Ar	38	  37.962 732 11	  0.000 629
Ar	40	  39.962 383 1237	  0.996 035
K	39	  38.963 706 4864	  0.932 581
K	40	  39.963 998 166	  0.000 117
K	41	  40.961 825 2579	  0.067 302
Ca	40	  39.962 590 863	  0.969 41
Ca	42	  41.958 617 83	  0.006 47
Ca	43	  42.958 766 44	  0.001 35
Ca	44	  43.955 481 56	  0.020 86
Ca	46	  45.953 6890	  0.000 04
Ca	48	  47.952 522 76	  0.001 87
Sc	45	  44.955 908 28	  1
Ti	46	  45.952 627 72	  0.0825
Ti	47	  46.951 758 79	  0.0744
Ti	48	  47.947 941 98	  0.7372
Ti	49	  48.947 865 68	  0.0541
Ti	50	  49.944 786 89	  0.0518
V	50	  49.947 156 01	  0.002 50
V	51	  50.943 957 04	  0.997 50
Cr	50	  49.946 041 83	  0.043 45
Cr	52	  51.940 506 23	  0.837 89
Cr	53	  52.940 648 15	  0.095 01
Cr	54	  53.938 879 16	  0.023 65
Mn	55	  54.938 043 91	  1
Fe	54	  53.939 608 99	  0.058 45
Fe	56	  55.934 936 33	  0.917 54
Fe	57	  56.935 392 84	  0.021 19
Fe	58	  57.933 274 43	  0.002 82
Co	59	  58.933 194 29	  1
Ni	58	  57.935 342 41	  0.680 77
Ni	60	  59.930 785 88	  0.262 23
Ni	61	  60.931 055 57	  0.011 399
Ni	62	  61.928 345 37	  0.036 346
Ni	64	  63.927 966 82	  0.009 255
Cu	63	  62.929 597 72	  0.6915
Cu	65	  64.927 789 70	  0.3085
Zn	64	  63.929 142 01	  0.4917
Zn	66	  65.926 033 81	  0.2773
Zn	67	  66.927 127 75	  0.0404
Zn	68	  67.924 844 55	  0.1845
Zn	70	  69.925 3192	  0.0061
Ga	69	  68.925 5735	  0.601 08
Ga	71	  70.924 702 58	  0.398 92
Ge	70	  69.924 248 75	  0.2057
Ge	72	  71.922 075 826	  0.2745
Ge	73	  72.923 458 956	  0.0775
Ge	74	  73.921 177 761	  0.3650
Ge	76	  75.921 402 726	  0.0773
As	75	  74.921 594 57	  1
Se	74	  73.922 475 934	  0.0089
Se	76	  75.919 213 704	  0.0937
Se	77	  76.919 914 154	  0.0763
Se	78	  77.917 309 28	  0.2377
Se	80	  79.916 5218	  0.4961
Se	82	  81.916 6995	  0.0873
Br	79	  78.918 3376	  0.5069
Br	81	  80.916 2897	  0.4931
Kr	78	  77.920 364 94	  0.003 55
Kr	80	  79.916 378 08	  0.022 86
Kr	82	  81.913 482 73	  0.115 93
Kr	83	  82.914 127 16	  0.115 00
Kr	84	  83.911 497 7282	  0.569 87
Kr	86	  85.910 610 6269	  0.172 79
Rb	85	  84.911 789 7379	  0.7217
Rb	87	  86.909 180 5310	  0.2783
Sr	84	  83.913 4191	  0.0056
Sr	86	  85.909 2606	  0.0986
Sr	87	  86.908 8775	  0.0700
Sr	88	  87.905 6125	  0.8258
Sn	112	111.904 823 87	  0.0097
Sn	114	113.902 7827	  0.0066
Sn	115	114.903 344 699	  0.0034
Sn	116	115.901 742 80	  0.1454
Sn	117	116.902 953 98	  0.0768
Sn	118	117.901 606 57	  0.2422
Sn	119	118.903 311 17	  0.0859
Sn	120	119.902 201 63	  0.3258
Sn	122	121.903 4438	  0.0463
Sn	124	123.905 2766	  0.0579
I	127	126.904 4719	  1
